0.002573000267148018
0.059981999918818474
0.015497000887989998
0.0713919997215271
0.12499900162220001
0.004195000976324081
0.01591699942946434
0.00543300062417984
0.005271000787615776
1.4051919989287853
1.2489439994096756
1.2122050002217293
0.00727199949324131
0.004515999928116798
0.011075001209974289
0.016448000445961952
0.010509001091122627
0.015481000766158104
3.5428129993379116
3.5971670001745224
3.625432999804616
3.6056930013000965
3.629025001078844
3.6545290015637875
3.648648999631405
3.6789100002497435
3.7022209987044334
3.684147000312805
0.008724000304937363
3.7566689997911453
3.7944760005921125
3.830196000635624
3.807838000357151
3.781826000660658
3.806853000074625
3.7489600013941526
3.7629639990627766
0.01612200029194355
3.788434999063611
3.744259001687169
3.7943550013005733
3.8137590009719133
3.6874260008335114
3.715482000261545
3.7704879995435476
3.760775001719594
0.01564200036227703
0.0115130003541708
0.01387699879705906
0.01093900017440319
0.015645001083612442
6.102552000433207
0.002907000482082367
0.005575999617576599
0.007982000708580017
6.527262000367045
6.6065349988639355
6.633879000321031
6.652419999241829
0.004085998982191086
6.66618900001049
6.726336998865008
6.7148319985717535
6.682651000097394
6.7024840004742146
0.011003000661730766
6.7909859996289015
6.780915999785066
6.686573999002576
0.015288000926375389
7.537273999303579
7.488716999068856
7.556515000760555
7.176815001294017
7.283925998955965
7.112710000947118
7.133083000779152
0.004297001287341118
0.014542998746037483
0.005384000018239021
7.949029998853803
7.991766000166535
8.01557599939406
8.010818999260664
0.0024960003793239594
8.050885001197457
8.10877399891615
0.009182998910546303
0.016473999246954918
0.00647599995136261
0.012338001281023026
0.015623999759554863
0.003580000251531601
0.011849001049995422
9.609577000141144
0.01014699973165989
0.01972999982535839
0.011181000620126724
10.329469000920653
10.24396700039506
0.010120999068021774
10.241496000438929
10.182716999202967
0.010750001296401024
10.295060001313686
0.0117419995367527
0.008090000599622726
0.0029889997094869614
0.006759000942111015
0.015968000516295433
0.011514000594615936
0.011533999815583229
11.108984000980854
11.102004999294877
11.134263001382351
11.14452400058508
0.00767199881374836
0.013542000204324722
0.005092998966574669
0.003985999152064323
0.015763001516461372
0.007695000618696213
0.02225399948656559
0.003020999953150749
13.483589999377728
13.476346001029015
0.0024410001933574677
13.57706000097096
13.623569000512362
13.722431998699903
13.706213999539614
13.6196060013026
13.642482999712229
13.584086000919342
13.614961000159383
0.007288999855518341
13.64636000059545
0.010377001017332077
13.65543800033629
13.682117998600006
13.75984700024128
13.784515999257565
13.833429001271725
13.846415000036359
0.004951998591423035
0.00801900029182434
0.004898998886346817
0.004736000671982765
0.0034770015627145767
0.012536000460386276
0.012390999123454094
0.009067999199032784
0.015554999932646751
16.18945400044322
16.25349000096321
0.015615999698638916
16.244822999462485
16.214941000565886
0.015476999804377556
16.229108000174165
16.205060999840498
16.077307000756264
0.01596600003540516
16.121012998744845
16.120055999606848
16.152027999982238
16.128701999783516
0.011740999296307564
16.554406000301242
16.62458400055766
16.64567899890244
16.590920999646187
16.53387499973178
16.557358000427485
16.56244399957359
16.670545998960733
0.00067099928855896
16.71872199885547
16.697399999946356
16.65617699921131
16.758267998695374
16.71980299986899
0.01566700078547001
0.0010630004107952118
17.141431998461485
17.028381001204252
17.02803799882531
17.02795000001788
17.134666999801993
17.244938999414444
0.015518000349402428
17.31008999980986
17.347241001203656
0.011321000754833221
0.00822800025343895
0.003585999831557274
0.00486999936401844
0.005997000262141228
18.616806000471115
18.665921000763774
18.572393000125885
18.54922099970281
18.559000000357628
18.497139999642968
18.575763000175357
18.638054998591542
0.013227000832557678
18.738351998850703
0.010206000879406929
0.008747000247240067
0.0072130002081394196
0.012409999966621399
0.005051000043749809
0.01579499989748001
21.06218899972737
0.003179999068379402
21.104220999404788
0.009655000641942024
21.106151999905705
21.131997000426054
21.197192998602986
0.010706000030040741
0.012895001098513603
0.00997999869287014
0.0012780018150806427
0.015945998951792717
0.0011049993336200714
0.016158999875187874
0.008647998794913292
22.461732998490334
22.417731000110507
20.986847000196576
0.0019719991832971573
0.005616001784801483
20.65300999954343
20.657492000609636
0.0024450011551380157
0.011713000014424324
0.01606300100684166
0.006799999624490738
0.004997000098228455
0.012783998623490334
0.004231000319123268
21.37962699867785
0.004728000611066818
0.007687998935580254
22.117577999830246
22.056218000128865
21.89001699909568
0.005940999835729599
22.733439000323415
22.756397999823093
23.182586999610066
0.01620600000023842
0.007758999243378639
0.0034729987382888794
0.01028200052678585
0.010361000895500183
25.550889000296593
25.472111999988556
0.004023000597953796
0.0059059988707304
0.0036830008029937744
0.008027998730540276
26.255068000406027
0.015824999660253525
0.010831998661160469
0.011171000078320503
0.01565600000321865
0.010214999318122864
0.008341999724507332
26.74788700044155
0.007364999502897263
0.01152000017464161
0.006292000412940979
0.015526000410318375
29.12462699972093
29.043618001043797
29.045389000326395
28.97033300064504
0.004724999889731407
28.939488999545574
29.04539499990642
0.016294000670313835
0.007300000637769699
0.016115998849272728
28.671892998740077
28.589221999049187
28.66045399941504
28.595110999420285
28.56520900130272
0.005059000104665756
0.010375000536441803
0.015316000208258629
0.009765001013875008
29.82311400026083
28.271958999335766
27.396590000018477
27.34148699976504
28.91988599859178
29.02240400016308
28.945466000586748
28.13545199856162
30.437644001096487
30.388984000310302
32.719810999929905
30.339885000139475
30.268449999392033
30.25582299940288
30.19467999972403
30.171623000875115
30.190425001084805
30.191429000347853
30.27202699892223
30.292153000831604
30.225400000810623
31.81565599888563
31.832737999036908
33.38622700050473
34.91935199871659
34.856817001476884
34.85168599896133
34.919038999825716
32.68835100159049
32.49930499866605
32.479481998831034
32.57272099889815
32.56168100051582
32.89600900001824
32.891509000211954
32.77873100154102
32.75456300005317
32.80947900004685
32.889608999714255
33.54638899862766
33.41892299987376
33.81281100027263
33.81825100071728
33.76781699992716
35.047008000314236
35.04749000072479
34.97951200045645
35.0187870003283
34.94865499995649
34.96459300071001
34.90380300022662
34.90876900032163
34.58919100090861
34.56225499883294
34.55306000076234
34.564708000048995
34.66509999893606
34.410841999575496
34.35469799861312
34.356572000309825
33.170988999307156
33.1006189994514
33.064585000276566
33.04868599958718
32.98329199850559
33.41421999968588
33.36275700107217
33.37526499852538
33.36946799978614
30.921764999628067
30.916780998930335
30.926920998841524
30.878173001110554
33.27035200037062
32.0221409983933
31.997013000771403
31.862614000216126
31.958215000107884
31.958181999623775
31.11692300066352
30.2782400008291
30.283179000020027
30.315309999510646
29.883824000135064
29.838751001283526
29.384059000760317
27.060745000839233
27.11416600085795
26.33116799965501
25.057676998898387
22.66371599957347
22.667837001383305
24.95869999937713
27.440163999795914
27.368142999708652
27.376127999275923
28.254169998690486
28.283325999975204
28.258909000083804
28.257107999175787
28.61717399954796
