0.002704000100493431
0.057346999645233154
0.011807000264525414
0.0674270000308752
0.12006299942731857
0.009059999138116837
0.015484999865293503
0.010459000244736671
0.011322000995278358
1.3654330000281334
1.2084059994667768
1.1696949992328882
0.004094000905752182
0.013923998922109604
0.004874000325798988
0.015448000282049179
0.007395999506115913
0.01563199982047081
3.5785029996186495
3.6330469995737076
3.660672999918461
3.6406459994614124
3.6631049998104572
3.6882690005004406
3.682727999985218
3.7114749997854233
3.730960000306368
3.712473999708891
0.012174000963568687
3.782523000612855
3.8195179998874664
3.853285999968648
3.8303539995104074
3.8029330000281334
3.827571000903845
3.768555000424385
3.781599000096321
0.015500999987125397
3.803906999528408
3.75917199999094
3.8073239997029305
3.8238249998539686
3.6971930004656315
3.7246380001306534
3.777582000941038
3.7677449993789196
0.013352001085877419
0.008858000859618187
0.007765999063849449
0.006741998717188835
0.015498999506235123
6.014375999569893
0.004588000476360321
0.01084199920296669
0.011362999677658081
6.431942000985146
6.5064499992877245
6.531034000217915
6.548056999221444
6.55940300039947
0.0032569989562034607
6.617746001109481
6.608753999695182
6.576523000374436
6.594587000086904
0.008166000247001648
6.680833000689745
6.670030999928713
6.575433999300003
0.004944998770952225
7.406161999329925
7.3566960003226995
7.419858999550343
7.039889000356197
7.168101999908686
6.9982790015637875
7.018025999888778
0.01036899909377098
0.011602001264691353
0.0032969992607831955
7.8404840007424355
7.880970999598503
7.903221998363733
7.898898998275399
7.961037000641227
0.010538998991250992
8.018255000934005
0.011501999571919441
0.016586000099778175
0.004271000623703003
0.01113700121641159
0.015575999394059181
0.005751000717282295
9.505254000425339
0.007992999628186226
0.012220999225974083
0.009874001145362854
0.007686000317335129
10.262621000409126
10.174274001270533
0.007346000522375107
10.170742999762297
10.112029999494553
10.220088999718428
0.002848999574780464
0.0015890002250671387
0.011035999283194542
0.0068900007754564285
0.000822998583316803
0.0160520002245903
0.006525000557303429
0.007530000060796738
11.019763998687267
11.012945000082254
11.04458799958229
11.052888000383973
0.009494999423623085
0.003399001434445381
0.015436999499797821
0.010931998491287231
0.01636900007724762
0.0037839990109205246
0.016162000596523285
13.350307000800967
13.343336999416351
0.004877001047134399
13.442749999463558
13.490044999867678
0.010331999510526657
13.588591000065207
13.57221700064838
13.485757000744343
13.50878900103271
13.450543999671936
13.481180999428034
13.511194000020623
13.519352000206709
0.002933001145720482
0.0028149988502264023
13.602854000404477
13.625237999483943
13.649328000843525
13.69887199997902
13.711595000699162
0.015696000307798386
0.006737999618053436
0.016217000782489777
0.0037819985300302505
0.011048000305891037
0.015334000810980797
0.009163999930024147
0.0056669991463422775
0.01538500003516674
16.00096599943936
16.06487099826336
16.05601599998772
16.026092998683453
16.039982998743653
0.015773000195622444
16.0155539996922
15.887484999373555
0.015844998881220818
15.928564999252558
15.927531000226736
0.015831999480724335
15.958502000197768
15.93308300152421
0.006826000288128853
16.34843200072646
16.4164810013026
16.43351599946618
16.378542998805642
16.320081001147628
16.343513999134302
16.348350999876857
16.453952999785542
16.50000499933958
16.47780600003898
16.436186000704765
0.002039000391960144
16.53443499840796
16.494699999690056
16.90544299967587
0.011740000918507576
16.791554998606443
16.790944000706077
16.788759998977184
0.004920000210404396
16.893186999484897
16.999833000823855
17.061955001205206
17.09616200067103
0.02425999939441681
0.004520999267697334
0.003917999565601349
0.0072470009326934814
0.007288999855518341
0.009265000000596046
18.33503199927509
18.38383900001645
18.288518000394106
18.26609900034964
18.274650000035763
18.212574001401663
18.290621001273394
18.347131999209523
18.445374000817537
0.005455000326037407
0.009596999734640121
0.009344000369310379
0.012719999998807907
0.020878000184893608
0.006482001394033432
20.764051999896765
20.804018000140786
20.803763000294566
0.009255999699234962
20.827585000544786
0.0121109988540411
20.891015000641346
0.00442500039935112
0.013942999765276909
0.005869999527931213
0.0052120015025138855
0.0036260001361370087
0.019321000203490257
0.0037960000336170197
0.0157919991761446
22.117025000974536
22.072665000334382
0.007834000512957573
0.006324999034404755
0.002705000340938568
0.006673999130725861
0.00269399955868721
0.015935000032186508
21.519301000982523
0.010277999565005302
21.117349000647664
21.12007499858737
0.0035260003060102463
0.012126000598073006
0.010346001014113426
0.007724998518824577
0.010654998943209648
0.007031001150608063
23.405179999768734
0.01628899946808815
24.1740939989686
0.010338999330997467
0.004304999485611916
0.005925999954342842
24.890972999855876
24.829490000382066
24.663735998794436
0.0026169996708631516
25.48357999883592
25.506324000656605
0.009744999930262566
25.92101199924946
0.005275998264551163
0.006551999598741531
0.009487999603152275
0.01643499918282032
0.005905000492930412
0.011380000039935112
0.015783000737428665
0.004597999155521393
0.00992799922823906
0.005445001646876335
0.009175999090075493
28.241065999493003
28.16258900053799
27.468062000349164
27.50468400120735
0.007965000346302986
0.018797000870108604
28.751377001404762
0.016032999381422997
0.019489001482725143
0.003220999613404274
0.015728000551462173
0.00881500169634819
0.008264001458883286
0.020428000018000603
0.005457999184727669
31.25056100077927
31.174304001033306
31.17812400124967
31.151166999712586
30.340708998963237
30.315973998978734
30.23828899860382
30.316367000341415
30.305406000465155
30.288370000198483
28.679841000586748
27.87164100073278
27.810140999034047
27.755800999701023
29.395362999290228
29.31359300017357
28.508380999788642
30.93693899922073
30.88837599940598
33.16407399997115
30.922240000218153
30.84539799951017
30.772053999826312
30.761784000322223
30.706041999161243
30.688588999211788
30.70945099927485
30.71153200045228
30.797917000949383
30.82167899981141
30.7585320007056
32.40639699995518
32.42467200011015
34.05324099957943
35.65843999944627
35.591808000579476
35.58424700051546
33.345493000000715
33.161094000563025
33.141480999067426
33.2449249997735
33.23520899936557
33.59074500016868
33.58713600039482
33.470882998779416
33.44725999981165
33.50684900023043
33.60153499990702
33.53240999951959
33.53156300075352
33.36436500027776
33.77342100068927
33.77949400059879
33.73045000061393
35.07886400073767
35.07915199920535
35.02182599902153
35.06026700139046
35.5165339987725
35.453935999423265
35.467955000698566
35.17558899894357
35.170167999342084
35.13607000000775
35.13154000043869
35.101785998791456
35.09126400016248
35.10195800103247
34.8219530005008
36.19644000008702
38.40396900102496
38.36742800101638
38.36567999981344
38.38812099955976
38.362862998619676
38.312196999788284
38.29310300014913
38.225072998553514
35.94940900057554
36.02931699901819
35.899422001093626
35.76580899953842
35.76026099920273
34.691069999709725
34.68975100107491
33.879763999953866
33.77750699967146
33.87336800061166
31.55688000097871
30.802264999598265
29.95299299992621
32.25807899981737
32.33582299947739
31.43078299984336
31.37685399875045
31.147752000018954
28.773939998820424
28.783359998837113
28.803760999813676
28.783639999106526
27.468536999076605
