0.0026660002768039703
0.06062700040638447
0.0158270001411438
0.07473399862647057
0.13057800009846687
0.0021369997411966324
0.016488999128341675
0.008940000087022781
0.009685000404715538
1.4613220002502203
1.305468000471592
1.267153998836875
0.0030080005526542664
0.005898000672459602
0.003071000799536705
0.011260000988841057
0.006240000948309898
0.016457999125123024
3.5339029990136623
3.586029000580311
3.613237999379635
3.592951999977231
3.6151459999382496
3.6397869996726513
3.632828000932932
3.6613509990274906
3.6803190000355244
3.661930000409484
0.008880998939275742
3.7315440010279417
3.7687730006873608
3.8065430000424385
3.783789999783039
3.7565329987555742
3.781267998740077
3.722078999504447
3.7352459989488125
0.016277998685836792
3.7569079995155334
3.7134710010141134
3.7614409998059273
3.7780520003288984
3.652939999476075
3.6803869996219873
3.7332319989800453
3.723507000133395
0.011332999914884567
0.010349998250603676
0.01180800050497055
0.0048590004444122314
0.01693900115787983
5.992723999544978
0.0033539999276399612
0.010616999119520187
0.011120999231934547
6.4067200012505054
6.48084899969399
6.490410000085831
6.507391000166535
6.518481001257896
0.005068998783826828
6.57617000117898
6.556907000020146
6.524360001087189
6.542059998959303
0.008636999875307083
6.6278440002352
6.617413999512792
6.522729000076652
0.015535999089479446
7.334706999361515
7.28796000033617
7.3508279994130135
6.970763999968767
7.0748939998447895
6.905318001285195
6.924751000478864
0.002419000491499901
0.01580899953842163
0.004894999787211418
7.68410500138998
7.725066000595689
7.747546998783946
7.7425149995833635
7.778921000659466
7.834426999092102
0.008321000263094902
0.01228800043463707
0.0164869986474514
0.004099998623132706
0.006865000352263451
0.016093000769615173
0.022185001522302628
9.344161000102758
0.012519000098109245
0.003793001174926758
0.004911001771688461
0.010896999388933182
10.080186000093818
9.996151998639107
9.996709000319242
9.939146999269724
0.00587800145149231
10.059900000691414
0.00954199954867363
0.00719200074672699
0.0049829985946416855
0.010167999193072319
0.009689999744296074
0.016114000231027603
0.004954000934958458
10.899958999827504
10.893272001296282
10.928251000121236
0.006818000227212906
10.946134999394417
0.008985999971628189
0.005798999220132828
0.011515999212861061
0.009699000045657158
0.01143299974501133
0.0041770003736019135
0.011523999273777008
13.344895999878645
13.337619001045823
0.0006430000066757202
13.440264999866486
13.490182001143694
0.003196999430656433
13.594699000939727
13.578579001128674
13.494130998849869
13.519159000366926
13.462221000343561
13.494617000222206
13.526126999408007
13.53524599969387
0.005166999995708466
0.007442999631166458
13.586898999288678
13.666308999061584
13.694068999961019
13.74515200033784
13.758526001125574
0.015425000339746475
0.0018620006740093231
0.015515999868512154
0.005231000483036041
0.005051000043749809
0.012769998982548714
0.010130999609827995
0.007079999893903732
0.015811000019311905
16.128355000168085
16.19701800122857
0.017861999571323395
16.18983400054276
16.162961000576615
0.015665000304579735
16.17785100080073
16.15816600061953
16.0319340005517
0.01624000072479248
16.082678999751806
16.08195300027728
16.115900000557303
16.094147000461817
0.013413000851869583
16.53669099882245
16.612940998747945
16.63841100037098
16.584044000133872
16.5285359993577
16.5548529997468
16.560734000056982
0.004746999591588974
16.676488000899553
16.731073001399636
16.711043998599052
16.671097999438643
16.776218999177217
16.737796001136303
0.009498000144958496
0.002034999430179596
17.168578000739217
17.05665099993348
17.056529000401497
17.057303998619318
17.170304000377655
0.012432999908924103
17.289245000109076
17.360674999654293
0.011110000312328339
17.402112999930978
0.005762999877333641
0.010416999459266663
0.006619000807404518
0.006133001297712326
18.71843899972737
18.78761300072074
18.698667999356985
18.67743100039661
18.699819000437856
18.64220199920237
0.00944099947810173
18.76256600022316
0.00817199982702732
18.864610999822617
19.00374399870634
0.0024430006742477417
0.00830799899995327
0.015585999935865402
0.007829999551177025
0.015568999573588371
0.012818999588489532
0.011143000796437263
0.009325999766588211
0.008503999561071396
21.40433100052178
21.443376999348402
21.44333199970424
0.005807999521493912
0.008173000067472458
21.467653999105096
21.531796999275684
0.011177999898791313
0.0016350001096725464
0.017967000603675842
0.005710998550057411
0.009844999760389328
0.007306000217795372
0.009320998564362526
0.008681999519467354
0.015949999913573265
22.77289899997413
22.728321999311447
0.009679999202489853
0.00991399958729744
0.01280600018799305
0.009762998670339584
22.18852400034666
21.78565900027752
21.788281999528408
0.011422999203205109
0.005247000604867935
0.007976999506354332
0.01651100069284439
24.06214800104499
0.00538799911737442
0.01130400039255619
24.82306999899447
0.009067000821232796
0.007333999499678612
25.536425000056624
25.474392000585794
25.308534998446703
0.006485998630523682
0.01155100017786026
26.126377999782562
26.148849999532104
0.008282998576760292
0.001032000407576561
0.011458000168204308
0.012784000486135483
26.56395800039172
0.004585999995470047
0.016056999564170837
0.010348999872803688
0.003537999466061592
0.005197999998927116
0.002375999465584755
28.90186999924481
28.823134001344442
28.264624999836087
28.246068000793457
28.217946000397205
28.252424001693726
28.086092999204993
28.08769300021231
28.050293000414968
0.007280999794602394
27.364675998687744
27.347225001081824
0.01789800077676773
0.013240000233054161
0.0133030004799366
0.0031109992414712906
28.594128001481295
28.609485000371933
0.02083600126206875
28.53011600114405
28.47441199980676
26.872770998626947
26.026993000879884
26.019709000363946
25.87742199935019
25.811025999486446
25.756005000323057
24.975738000124693
24.872463999316096
0.0045110005885362625
0.007364999502897263
0.005246000364422798
0.00957999937236309
27.139696998521686
27.090466000139713
24.764559999108315
24.687680000439286
24.61311800032854
24.599074000492692
24.535351000726223
24.50852500088513
24.526184000074863
24.526893001049757
24.602967001497746
24.621158000081778
24.550539998337626
26.11098299920559
26.1280099991709
27.638662999495864
29.14495899900794
29.072605999186635
29.0645300000906
26.81755300052464
26.62660799920559
26.606801999732852
26.697239998728037
26.68572700023651
27.013157000765204
27.0090150013566
26.89501000009477
26.87093099951744
26.926462000235915
27.006508000195026
26.70482699945569
27.091237001121044
27.03437700122595
28.241826999932528
28.241870999336243
28.239845000207424
28.1689010001719
28.202682999894023
28.12882599979639
28.140277000144124
28.07319900020957
28.07638300023973
29.277840001508594
28.923372998833656
28.906586999073625
28.915668999776244
29.004625000059605
28.749278001487255
28.69305399991572
28.69267600029707
30.90163000114262
29.6216599997133
29.603140000253916
29.53515399992466
29.928373999893665
29.878824999555945
29.89265799894929
29.886571001261473
32.280665000900626
32.11150100082159
29.671229999512434
29.656928999349475
29.65912799909711
29.665651999413967
29.55680499970913
28.337170999497175
28.33170500025153
27.703316999599338
27.59892399981618
27.61167399957776
25.236082000657916
24.44445399940014
23.7640199996531
23.828626999631524
23.79560299962759
23.038310999050736
23.13263799995184
22.775674000382423
20.374424999579787
21.115782998502254
23.449009999632835
23.91890599951148
23.889526000246406
23.924057999625802
24.00549199990928
23.983418999239802
23.97104199975729
23.980680000036955
23.97270599938929
23.814771000295877
23.837559999898076
23.81089299917221
23.80545900017023
24.101653000339866
24.1047370005399
24.121881999075413
24.937982000410557
24.905333001166582
24.80397299863398
26.321028999984264
26.12866599857807
