12704643.085562242
12704643.252303982
12704643.418960998
12704643.585627293
12704643.752294090
12704643.918961881
12704644.085632753
12704644.252296466
12704644.418960862
12704644.585630823
12704644.752294326
12704644.918963213
12704645.085627422
12704645.252299810
12704645.418967325
12704645.585636491
12704645.752300721
12704645.918962484
12704646.085646043
12704646.252295546
12704646.418977506
12704646.585640414
12704646.752303857
12704646.918964937
12704647.085627031
12704647.252295716
12704647.418985970
12704647.585638003
12704647.752299609
12704647.918978585
12704648.085635915
12704648.252293276
12704648.418964354
12704648.585625542
12704648.752294371
12704648.919124331
12704649.085652046
12704649.252294822
12704649.418915665
12704649.585635047
12704649.752300302
12704649.918963522
12704650.085631769
12704650.252305606
12704650.418978600
12704650.585640162
12704650.752313029
12704650.918950114
12704651.085630499
12704651.252304176
12704651.418967027
12704651.585641205
12704651.752299972
12704651.918971876
12704652.085634528
12704652.252297612
12704652.418965111
12704652.585629653
12704652.752297657
12704652.918967089
12704653.085644027
12704653.252295066
12704653.418963101
12704653.585627588
12704653.752295589
12704653.918966973
12704654.085631046
12704654.252310198
12704654.418971978
12704654.585628686
12704654.752304604
12704654.918961141
12704655.085629461
12704655.252295526
12704655.418965572
12704655.585628234
12704655.752297161
12704655.918965759
12704656.085628940
12704656.252296299
12704656.418969413
12704656.585638020
12704656.752300408
12704656.918980721
12704657.085654760
12704657.252294507
12704657.418960931
12704657.585628025
12704657.752294837
12704657.918966057
12704658.085631434
12704658.252301292
12704658.418974575
12704658.585660372
12704658.752298063
12704658.918970495
12704659.085633343
12704659.252298124
12704659.418962667
12704659.585627658
12704659.752296420
12704659.918964026
12704660.085634347
12704660.252307342
12704660.418985201
12704660.585631007
12704660.752293169
12704660.918965042
12704661.085647361
12704661.252293238
12704661.418960640
12704661.585629569
12704661.752294408
12704661.918963728
12704662.085629864
12704662.252266092
12704662.418970602
12704662.585639071
12704662.752296310
12704662.918977840
12704663.085640293
12704663.252293572
12704663.418963751
12704663.585627198
12704663.752258142
12704663.918962577
12704664.085630218
12704664.252299301
12704664.418963827
12704664.585633708
12704664.752310215
12704664.919021411
12704665.085633354
12704665.252296345
12704665.418962920
12704665.585635953
12704665.752294904
12704665.918962888
12704666.085591463
12704666.252306201
12704666.418964965
12704666.585631374
12704666.752297392
12704666.918961976
12704667.085627329
12704667.252294989
12704667.418962870
12704667.585629735
12704667.752295388
12704667.918962084
12704668.085628852
12704668.252299780
12704668.418964565
12704668.585629797
12704668.752298733
12704668.918963712
12704669.085630754
12704669.252296142
12704669.418936962
12704669.585632266
12704669.752295330
12704669.918962553
12704670.085630070
12704670.252294134
12704670.418970980
12704670.585627638
12704670.752295671
12704670.918966720
12704671.085630173
12704671.252297316
12704671.418963702
12704671.585628022
12704671.752295710
12704671.918963529
12704672.085634058
12704672.252295678
12704672.418966142
12704672.585637901
12704672.752294550
12704672.918966144
12704673.085636200
12704673.252295891
12704673.418964652
12704673.585631602
12704673.752296293
12704673.918962330
12704674.085626291
12704674.252301715
12704674.418963933
12704674.585629279
12704674.752294874
12704674.918963596
12704675.085628435
12704675.252297536
12704675.418964282
12704675.585631007
12704675.752296615
12704675.918963350
12704676.085632637
12704676.252301369
12704676.418967366
12704676.585633991
12704676.752296202
12704676.918961572
12704677.085626204
12704677.252296258
12704677.418960325
12704677.585626729
12704677.752296781
12704677.918964732
12704678.085631160
12704678.252297999
12704678.418965623
12704678.585628744
12704678.752296958
12704678.918962307
12704679.085629813
12704679.252293121
12704679.418961387
12704679.585627409
12704679.752294695
12704679.918965757
12704680.085627820
12704680.252294479
12704680.418962333
12704680.585639123
12704680.752305685
12704680.918960780
12704681.085629378
12704681.252300296
12704681.418965098
12704681.585630855
12704681.752295088
12704681.918962453
12704682.085627114
12704682.252298245
12704682.418964833
12704682.585633663
12704682.752297834
12704682.918966481
12704683.085630296
12704683.252295015
12704683.418961054
12704683.585631851
12704683.752295969
12704683.918961819
12704684.085627329
12704684.252304373
12704684.418968679
12704684.585628260
12704684.752296502
12704684.918963991
12704685.085629877
12704685.252297658
12704685.418963294
12704685.585629094
12704685.752298150
12704685.918966977
12704686.085632846
12704686.252296610
12704686.418964060
12704686.585631354
12704686.752296876
12704686.918961272
12704687.085627740
12704687.252295697
12704687.418961417
12704687.585630311
12704687.752293782
12704687.918961607
12704688.085627818
12704688.252293402
12704688.418974601
12704688.585632564
12704688.752296561
12704688.918961771
12704689.085634042
12704689.252297478
12704689.418962441
12704689.585632961
12704689.752294788
12704689.918960100
12704690.085631583
12704690.252300777
12704690.418960502
12704690.585633647
12704690.752294755
12704690.918962726
12704691.085631372
12704691.252295675
12704691.418965381
12704691.585631631
12704691.752294760
12704691.918961490
12704692.085627498
12704692.252300382
12704692.418963784
12704692.585628942
12704692.752296196
12704692.918959593
12704693.085632017
12704693.252294591
12704693.418962548
12704693.585629879
12704693.752296383
12704693.918965103
12704694.085628288
12704694.252303895
12704694.418975145
12704694.585640162
12704694.752299620
12704694.918992512
12704695.085636295
12704695.252295751
12704695.418964135
12704695.585630890
12704695.752295110
12704695.918962538
12704696.085630637
12704696.252302678
12704696.418975363
12704696.585644130
12704696.752307570
12704696.918965651
12704697.085629305
12704697.252302479
12704697.418963565
12704697.585630806
12704697.752295785
12704697.918963984
12704698.085663203
12704698.252294386
12704698.418977385
12704698.585637186
12704698.752295045
12704698.918964546
12704699.085631374
12704699.252297411
12704699.418968676
12704699.585637504
12704699.752304366
12704699.918975824
12704700.085630193
12704700.252294868
12704700.418966491
12704700.585628148
12704700.752295393
12704700.918963877
12704701.085628912
12704701.252299268
12704701.418970570
12704701.585633438
12704701.752310399
12704701.918972181
12704702.085642627
12704702.252300370
12704702.418964954
12704702.585627701
12704702.752304330
12704702.918963648
12704703.085634684
12704703.252323067
12704703.418978486
12704703.585629079
12704703.752313701
12704703.918964161
12704704.085647011
12704704.252304168
12704704.418963406
12704704.585632941
12704704.752305783
12704704.918961167
12704705.085627971
12704705.252311589
12704705.418972654
12704705.585629528
12704705.752330389
12704705.918975974
12704706.085630393
12704706.252308495
12704706.418964107
12704706.585632125
12704706.752313135
12704706.918962851
12704707.085629141
12704707.252313016
12704707.418969233
12704707.585631097
12704707.752319224
12704707.918971745
12704708.085634386
12704708.252320774
12704708.418974200
12704708.585629407
12704708.752301676
12704708.918962125
12704709.085651798
12704709.252302881
12704709.418963455
12704709.585630698
12704709.752309235
12704709.918961521
12704710.085627558
12704710.252300020
12704710.418977082
12704710.585637772
12704710.752303567
12704710.918960450
12704711.085627683
12704711.252307503
12704711.418972330
12704711.585641960
12704711.752328211
12704711.918989222
12704712.085643033
12704712.252302421
12704712.418962022
12704712.585627215
12704712.752307465
12704712.918972515
12704713.085646976
12704713.252293780
12704713.418960698
12704713.585630178
12704713.752293983
12704713.918961523
12704714.085630378
12704714.252324142
12704714.418969247
12704714.585627843
12704714.752303213
12704714.918961802
12704715.085628202
12704715.252300177
12704715.418975851
12704715.585624473
12704715.752309686
12704715.918973122
12704716.085632794
12704716.252293672
12704716.418967303
12704716.585628076
12704716.752294192
12704716.918966530
12704717.085628811
12704717.252294878
12704717.418972455
12704717.585641932
12704717.752313321
12704717.918969974
12704718.085640704
12704718.252301829
12704718.418971490
12704718.585645374
12704718.752329307
12704718.918962443
12704719.085627604
12704719.252328929
12704719.418968873
12704719.585657798
12704719.752298370
12704719.918981237
12704720.085627981
12704720.252294522
12704720.418965993
12704720.585636169
12704720.752340602
12704720.918962337
12704721.085626418
12704721.252297197
12704721.418981194
12704721.585630512
12704721.752301130
12704721.918979928
12704722.085634895
12704722.252298344
12704722.418960849
12704722.585626744
12704722.752296140
12704722.918965109
12704723.085626567
12704723.252296126
12704723.418961979
12704723.585628573
12704723.752298025
12704723.918962726
12704724.085627517
12704724.252292594
12704724.418965602
12704724.585628990
12704724.752295259
12704724.918962596
12704725.085635377
12704725.252298877
12704725.418963810
12704725.585628424
12704725.752303205
12704725.918972906
12704726.085644821
12704726.252294498
12704726.418963134
12704726.585631927
12704726.752298186
12704726.918968573
12704727.085645033
12704727.252295086
12704727.418960104
12704727.585628247
12704727.752293956
12704727.918961488
12704728.085632684
12704728.252294134
12704728.418982143
12704728.585648008
12704728.752310641
12704728.918961994
12704729.085631164
12704729.252300868
12704729.418971546
12704729.585641574
12704729.752312303
12704729.918973392
12704730.085628241
12704730.252294162
12704730.418967832
12704730.585628472
12704730.752296196
12704730.918971512
12704731.085587202
12704731.252295202
12704731.418915136
12704731.585627349
12704731.752292136
12704731.918960746
12704732.085627645
12704732.252292776
12704732.418965992
12704732.585632430
12704732.752292387
12704732.918967059
12704733.085634258
12704733.252296429
12704733.418964218
12704733.585630951
12704733.752295181
12704733.918963054
12704734.085627636
12704734.252303168
12704734.418972874
12704734.585639508
12704734.752309034
12704734.918960700
12704735.085630046
12704735.252304038
12704735.418969858
12704735.585636649
12704735.752305068
12704735.919000842
12704736.085644515
12704736.252293305
12704736.418962969
12704736.585630333
12704736.752295746
12704736.918960789
12704737.085629920
12704737.252305474
12704737.418987626
12704737.585631214
12704737.752294000
12704737.918966504
12704738.085643793
12704738.252326358
12704738.418976922
12704738.585636919
12704738.752303872
12704738.918963991
12704739.085626677
12704739.252298692
12704739.418971239
12704739.585638857
12704739.752300847
12704739.918967411
12704740.085637063
12704740.252294743
12704740.418970464
12704740.585630322
12704740.752296697
12704740.918966210
12704741.085629884
12704741.252304858
12704741.418961652
12704741.585635480
12704741.752302285
12704741.918982210
12704742.085636374
12704742.252294714
12704742.418966884
12704742.585651387
12704742.752295446
12704742.918968700
12704743.085630270
12704743.252293568
12704743.418962652
12704743.585630238
12704743.752293782
12704743.918962851
12704744.085628031
12704744.252313493
12704744.418986311
12704744.585631363
12704744.752296537
12704744.918961642
12704745.085627036
12704745.252313916
12704745.418962125
12704745.585630085
12704745.752311721
12704745.918976001
12704746.085636320
12704746.252297094
12704746.418971347
12704746.585628303
12704746.752297536
12704746.918960255
12704747.085627325
12704747.252301244
12704747.418971542
12704747.585644141
12704747.752304088
12704747.918966971
12704748.085642932
12704748.252291998
12704748.418965334
12704748.585634325
12704748.752294896
12704748.918972155
12704749.085635344
12704749.252296474
12704749.418961763
12704749.585632998
12704749.752297783
12704749.918964216
12704750.085628351
12704750.252300803
12704750.418980030
12704750.585636657
12704750.752307337
12704750.918964490
12704751.085628839
12704751.252297912
12704751.418963566
12704751.585631868
12704751.752294961
12704751.918976238
12704752.085630139
12704752.252298508
12704752.418965589
12704752.585626541
12704752.752293909
12704752.918960376
12704753.085629469
12704753.252304783
12704753.418963278
12704753.585628832
12704753.752302725
12704753.918962570
12704754.085634224
12704754.252293739
12704754.418963095
12704754.585633947
12704754.752296839
12704754.918963272
12704755.085635416
12704755.252295133
12704755.418972868
12704755.585630523
12704755.752299262
12704755.918966232
12704756.085627183
12704756.252294257
12704756.418968342
12704756.585628908
12704756.752294423
12704756.918965422
12704757.085632173
12704757.252297940
12704757.418964220
12704757.585626232
12704757.752298074
12704757.918964736
12704758.085625773
12704758.252293872
12704758.418963118
12704758.585628983
12704758.752296031
12704758.918976426
12704759.085631413
12704759.252294615
12704759.418968359
12704759.585633550
12704759.752300465
12704759.918969521
12704760.085628474
12704760.252293212
12704760.418970305
12704760.585627688
12704760.752302933
12704760.918964569
12704761.085629130
12704761.252296211
12704761.418962784
12704761.585630832
12704761.752297934
12704761.919040723
12704762.085628169
12704762.252268154
12704762.418972071
12704762.585631983
12704762.752295824
12704762.918965930
12704763.085630549
12704763.252295185
12704763.418965450
12704763.585630301
12704763.752293928
12704763.918961413
12704764.085630173
12704764.252299229
12704764.418965109
12704764.585628619
12704764.752299357
12704764.918965222
12704765.085629098
12704765.252300069
12704765.418962609
12704765.585635668
12704765.752296958
12704765.918967132
12704766.085637845
12704766.252297819
12704766.418978391
12704766.585631669
12704766.752294207
12704766.918966364
12704767.085629407
12704767.252299666
12704767.418975834
12704767.585635873
12704767.752298670
12704767.918986943
12704768.085625796
12704768.252303464
12704768.418964921
12704768.585630216
12704768.752302393
12704768.918962143
12704769.085629130
12704769.252293520
12704769.418968987
12704769.585629595
12704769.752295051
12704769.918962771
12704770.085626191
12704770.252309022
12704770.418970603
12704770.585628087
12704770.752300957
12704770.918962125
12704771.085634070
12704771.252298256
12704771.418966984
12704771.585637800
12704771.752298625
12704771.918968529
12704772.085643141
12704772.252296761
12704772.418967776
12704772.585627697
12704772.752295136
12704772.918965731
12704773.085629001
12704773.252307786
12704773.418962356
12704773.585629186
12704773.752303598
12704773.918968908
12704774.085635308
12704774.252268130
12704774.418973256
12704774.585636122
12704774.752310799
12704774.918963518
12704775.085625703
12704775.252296330
12704775.418983266
12704775.585634653
12704775.752306784
12704775.918980353
12704776.085630568
12704776.252295256
12704776.418963641
12704776.585628079
12704776.752296235
12704776.918988639
12704777.085637720
12704777.252295341
12704777.418963686
12704777.585628498
12704777.752295025
12704777.918961871
12704778.085629277
12704778.252305593
12704778.418973751
12704778.585647931
12704778.752295960
12704778.918960944
12704779.085633771
12704779.252302943
12704779.418965548
12704779.585630007
12704779.752301682
12704779.918972133
12704780.085644877
12704780.252294676
12704780.418962816
12704780.585634312
12704780.752298806
12704780.918985363
12704781.085640403
12704781.252295395
12704781.418960245
12704781.585628834
12704781.752295857
12704781.918962041
12704782.085626259
12704782.252313983
12704782.418968322
12704782.585633999
12704782.752302937
12704782.918960283
12704783.085630825
12704783.252310207
12704783.418964649
12704783.585640864
12704783.752305130
12704783.918966193
12704784.085637808
12704784.252298912
12704784.418960324
12704784.585620906
12704784.752303448
12704784.918962086
12704785.085625963
12704785.252297034
12704785.418970415
12704785.585641455
12704785.752312617
12704785.918976022
12704786.085710397
12704786.252297290
12704786.418964641
12704786.585629374
12704786.752298800
12704786.918973004
12704787.085646108
12704787.252295634
12704787.418962089
12704787.585628515
12704787.752320407
12704787.918966766
12704788.085633513
12704788.252294086
12704788.418962477
12704788.585634910
12704788.752296083
12704788.918963972
12704789.085629599
12704789.252298810
12704789.418968737
12704789.585641533
12704789.752311097
12704789.918964341
12704790.085630164
12704790.252299143
12704790.418967158
12704790.585627172
12704790.752297141
12704790.918977825
12704791.085640082
12704791.252294138
12704791.418959759
12704791.585627131
12704791.752294157
12704791.918968871
12704792.085646994
12704792.252297029
12704792.418962782
12704792.585625919
12704792.752299294
12704792.918963309
12704793.085627036
12704793.252297623
12704793.418961596
12704793.585632710
12704793.752295550
12704793.918966087
12704794.085652253
12704794.252292611
12704794.418965138
12704794.585627483
12704794.752296275
12704794.918967120
12704795.085627494
12704795.252302812
12704795.418968290
12704795.585644595
12704795.752302470
12704795.918966828
12704796.085647473
12704796.252269777
12704796.418965286
12704796.585635277
12704796.752311250
12704796.918935349
12704797.085640360
12704797.252296658
12704797.418966433
12704797.585632324
12704797.752295196
12704797.918963458
12704798.085627398
12704798.252337961
12704798.419004360
12704798.585642070
12704798.752303226
12704798.918964988
12704799.085629946
12704799.252302842
12704799.418966293
12704799.585634269
12704799.752295459
12704799.918965444
12704800.085627910
12704800.252294246
12704800.418963451
12704800.585627604
12704800.752294499
12704800.918960504
12704801.085633831
12704801.252307264
12704801.418972151
12704801.585639857
12704801.752312517
12704801.918962624
12704802.085632836
12704802.252300765
12704802.418966975
12704802.585628564
12704802.752294077
12704802.918971671
12704803.085633082
12704803.252293715
12704803.418972276
12704803.585648185
12704803.752299009
12704803.918968696
12704804.085654177
12704804.252295380
12704804.418963643
12704804.585632203
12704804.752297707
12704804.918960104
12704805.085631622
12704805.252301894
12704805.418965509
12704805.585628966
12704805.752303418
12704805.918969970
12704806.085646706
12704806.252295438
12704806.418961115
12704806.585628498
12704806.752296850
12704806.918962350
12704807.085629074
12704807.252307426
12704807.418967426
12704807.585644754
12704807.752299001
12704807.918966740
12704808.085638030
12704808.252296641
12704808.418963533
12704808.585627832
12704808.752295665
12704808.918966834
12704809.085628364
12704809.252296494
12704809.418971606
12704809.585661255
